0.152382067055 0.152382067055 0.152382067055 0.152382067055 0.152382067055 0.238089664723
0.146850861914 0.146850861914 0.146850861914 0.146850861914 0.146850861914 0.265745690431
0.141324402792 0.141324402792 0.141324402792 0.141324402792 0.141324402792 0.293377986041
0.135830809995 0.135830809995 0.135830809995 0.135830809995 0.135830809995 0.320845950026
0.130394120512 0.130394120512 0.130394120512 0.130394120512 0.130394120512 0.34802939744
1 0 0 0 0 0
0 1 0 0 0 0
0 0 1 0 0 0
0 0 0 1 0 0
0 0 0 0 1 0
